mtz
2
11
Optimal
0
46
0
0
0
mtz
5
11
Optimal
0
477
0.02
0
0
mtz
4
21
Optimal
7
373
0.07
0
0
mtz
10
21
Optimal
13
1390
0.14
0
0
mtz
10
51
Optimal
16
725
0.28
0
10
mtz
25
51
Optimal
2317
3074
1.86
0
246
mtz
14
71
Optimal
19
909
2.16
0
13
mtz
35
71
Optimal
857
3292
3.1
0
440
mtz
20
101
Optimal
440
1235
3.81
0
248
mtz
50
101
Optimal
2671
4898
7.84
0
163
mtz
40
201
Optimal
14399
2068
82.58
0
1754
mtz
100
201
Optimal
10354
6705
130.13
0
644
mtz
60
301
Optimal
496
1335
137.25
0
476
mtz
150
301
Optimal
2133
4534
152.53
0
1330
mtz
80
401
Optimal
280
1620
160.8
0
167
mtz
200
401
Optimal
18830
5787
503.71
0
757
mtz
200
1001
Feasible
110907
2289
4020.87
0.00311591
2491
mtz
500
1001
Feasible
46082
7595
7536.6
0.0035431
2880
mtz
400
2001
Optimal
30947
4182
9355.82
0
3462
mtz
1000
2001
Feasible
22496
14991
12928.2
0.00260089
13345
