scf
2
11
Optimal
0
46
0
0
0
scf
5
11
Optimal
0
477
0.04
0
0
scf
4
21
Optimal
81
373
0.06
0
20
scf
10
21
Optimal
0
1390
0.21
0
0
scf
10
51
Optimal
2013
725
0.98
0
400
scf
25
51
Optimal
0
3074
1.65
0
0
scf
14
71
Optimal
1008
909
2.93
0
1008
scf
35
71
Optimal
504
3292
4.63
0
504
scf
20
101
Optimal
810
1235
7.29
0
810
scf
50
101
Optimal
512
4898
10.03
0
512
scf
40
201
Optimal
3678
2068
56.9
0
1910
scf
100
201
Optimal
622
6705
75.39
0
497
scf
60
301
Optimal
596
1335
101.48
0
596
scf
150
301
Optimal
833
4534
138.15
0
594
scf
80
401
Optimal
4314
1620
257.03
0
2500
scf
200
401
Optimal
723
5787
303.66
0
707
scf
200
1001
Optimal
832
2289
2951.71
0
710
scf
500
1001
Optimal
1010
7595
3560.18
0
960
scf
400
2001
Feasible
80
10526
3432.14
1
20
scf
1000
2001
Feasible
970
16085
3575.68
0.0719975
910
