dcc
2
11
Optimal
0
46
0
0
0
0
0
dcc
5
11
Optimal
0
477
0.01
0
0
2
0
dcc
4
21
Optimal
0
373
0.05
0
0
4
5
dcc
10
21
Optimal
0
1390
0.02
0
0
5
2
dcc
10
51
Optimal
0
725
0.02
0
0
8
1
dcc
25
51
Optimal
0
3074
0.05
0
0
13
4
dcc
14
71
Optimal
36
909
0.15
0
5
13
6
dcc
35
71
Optimal
0
3292
0.11
0
0
12
5
dcc
20
101
Optimal
0
1235
0.18
0
0
14
3
dcc
50
101
Optimal
0
4898
0.23
0
0
27
8
dcc
40
201
Optimal
47
2068
0.74
0
30
50
10
dcc
100
201
Optimal
1802
6705
6.33
0
435
109
102
dcc
60
301
Optimal
0
1335
1.05
0
0
22
4
dcc
150
301
Optimal
921
4534
9.12
0
266
131
27
dcc
80
401
Optimal
23
1620
3.49
0
0
67
9
dcc
200
401
Optimal
2164
5787
14.89
0
200
103
75
dcc
200
1001
Optimal
144
2289
34.48
0
115
168
11
dcc
500
1001
Feasible
98367
7595
3597.16
0.00127445
1035
1951
2233
dcc
400
2001
Optimal
4366
4182
560.41
0
546
359
61
dcc
1000
2001
Feasible
31979
14991
3563.27
0.0018748
10127
2569
3418
dcc
5
11
Optimal
0
477
0.01
0
0
0
0
dcc
5
71
Optimal
0
168
0.06
0
0
0
2
dcc
35
71
Optimal
128
3292
0.24
0
62
0
16
dcc
35
71
Optimal
80
3292
0.17
0
59
10
9
dcc
35
71
Optimal
0
3292
0.13
0
0
0
4
dcc
80
401
Optimal
6
1620
7.54
0
0
0
7
dcc
80
401
Optimal
424
1620
16.09
0
359
0
18
dcc
80
401
Optimal
7
1620
3.82
0
0
0
5
dcc
80
401
Optimal
0
1620
5.63
0
0
0
10
dcc
80
401
Optimal
0
1620
5.41
0
0
0
10
dcc
200
401
Optimal
0
5787
3.74
0
0
0
14
dcc
200
1001
Optimal
23
2289
89.87
0
22
0
6
dcc
200
1001
Optimal
144
2289
35.37
0
115
168
11
dcc
200
1001
Optimal
1269
2289
53.85
0
300
100
13
dcc
200
1001
Optimal
1269
2289
54.06
0
300
100
13
dcc
200
1001
Optimal
1695
2289
41.86
0
262
68
41
dcc
200
1001
Optimal
1695
2289
44.31
0
262
68
41
dcc
5
11
Optimal
0
477
0.01
0
0
2
0
dcc
35
71
Optimal
0
3292
0.09
0
0
12
5
dcc
35
101
Optimal
30
2881
0.25
0
14
27
4
dcc
35
101
Optimal
30
2881
0.27
0
14
27
4
