cec
2
11
Optimal
0
46
0
0
0
0
0
cec
5
11
Optimal
0
477
0
0
0
0
0
cec
4
21
Optimal
7
373
0.05
0
0
0
5
cec
10
21
Optimal
0
1390
0.02
0
0
0
1
cec
10
51
Optimal
0
725
0.04
0
0
0
3
cec
25
51
Optimal
362
3074
0.29
0
89
0
16
cec
14
71
Optimal
33
909
0.13
0
3
0
6
cec
35
71
Optimal
86
3292
0.23
0
21
0
16
cec
20
101
Optimal
4
1235
0.27
0
0
0
4
cec
50
101
Optimal
1963
4898
1.34
0
253
0
47
cec
40
201
Optimal
2533
2068
6.06
0
793
0
60
cec
100
201
Optimal
4379
6705
9.97
0
500
0
201
cec
60
301
Optimal
187
1335
3.78
0
145
0
15
cec
150
301
Optimal
742
4534
4.19
0
0
0
30
cec
80
401
Optimal
121
1620
5.46
0
32
0
15
cec
200
401
Optimal
8492
5787
61.77
0
488
0
268
cec
200
1001
Optimal
40393
2289
749.37
0
4422
0
268
cec
500
1001
Feasible
12712
7595
3604.36
0.00340685
3041
0
1744
cec
400
2001
Optimal
18698
4182
3548.64
0
882
0
193
cec
1000
2001
Feasible
7035
14991
3626.4
0.00270162
6982
0
140
